""
0.924216650221799
0.90667416455283
0.8927513861266
0.889945599853045
0.889945599853045
0.889945599853045
0.889945599853045
0.889945599853045
0.889945599853045
0.889945599853045
0.889306267149217
0.872112264824431
0.861568873333464
0.853253430325046
0.853253430325046
0.853253430325046
0.853253430325046
0.853253430325046
0.853253430325046
0.853253430325046
0.853253430325046
0.853253430325046
0.85281137356166
0.849365816568312
0.849365816568312
0.849365816568312
0.849365816568312
0.849365816568312
0.849365816568312
0.849365816568312
0.849365816568312
0.849365816568312
0.849365816568312
0.849365816568312
0.849365816568312
0.849365816568312
0.849365816568312
0.849365816568312
0.849365816568312
0.849365816568312
0.849365816568312
0.849365816568312
0.849365816568312
0.849365816568312
0.849365816568312
0.849365816568312
0.849365816568312
0.849365816568312
0.849365816568312
0.849365816568312
0.849365816568312
0.849365816568312
0.849365816568312
0.849365816568312
0.849365816568312
0.849365816568312
0.849365816568312
0.849365816568312
0.849365816568312
0.849365816568312
0.849365816568312
0.849365816568312
0.849365816568312
0.849365816568312
0.849365816568312
0.849365816568312
0.849365816568312
0.849365816568312
0.849365816568312
0.849365816568312
0.849365816568312
0.849365816568312
0.849365816568312
0.849365816568312
0.849365816568312
0.849365816568312
0.849365816568312
0.849365816568312
0.849365816568312
0.849365816568312
0.851433215066679
0.849365816568312
0.849365816568312
0.849365816568312
0.849365816568312
0.849365816568312
0.849365816568312
0.849365816568312
0.849365816568312
0.849365816568312
0.847520005775972
0.847266531004536
0.844425544232078
0.84000109857939
0.834720992013466
0.833451641813258
0.833451641813257
0.829964038379048
0.8286097703587
0.826911758909515
0.826470872886112
0.823498669668639
0.82298446643052
0.818893193527881
0.816508266996901
0.812792120327457
0.812792120327457
0.812792120327457
0.812792120327457
0.812792120327457
0.812792120327457
0.812792120327457
0.812792120327457
0.812792120327457
0.802591537967058
0.802416195080067
0.797739846131736
0.797739846131736
0.797739846131736
0.797739846131736
0.797739846131736
0.797739846131736
0.797739846131736
0.797739846131736
0.797739846131736
0.797739846131736
0.797739846131736
0.797739846131736
0.797739846131736
0.797739846131736
0.797739846131736
0.797739846131736
0.797739846131736
0.797739846131736
0.797739846131736
0.794585529495243
0.793810594501361
0.792036781687281
0.791362155496046
0.791362155496046
0.812792120327457
0.812792120327457
0.8286097703587
0.849365816568312
0.822661210893311
0.786720318028878
0.781090946566179
0.776069514161834
0.775351877008055
0.774791898954932
0.771640569930339
0.769250496581337
0.769250496581337
0.769250496581337
0.769250496581337
0.767497381935119
0.75747324568054
0.750730391806885
0.743654051073952
0.74192346226697
0.741403787279528
0.730669593091821
0.728946105996143
0.727804565166352
0.78176760903559
0.72722024604256
0.791362155496046
0.771872676779002
0.741811921405867
0.725358060018579
0.723805731927046
0.723340771080646
0.723340771080646
0.723340771080646
0.723340771080646
0.723340771080646
0.721084787244829
0.717968479475241
0.715833089599863
0.715255166004783
0.711022388755129
0.710713129346821
0.702519296773786
0.702519296773786
0.702519296773786
0.702519296773786
0.702519296773786
0.702519296773786
0.702519296773786
0.702519296773786
0.702519296773786
0.702519296773786
0.702519296773786
0.702519296773786
0.702519296773786
0.702519296773786
0.702519296773786
0.701880278048882
0.699722109265843
0.694467147838801
0.692806967776136
0.691572861362007
0.69049281010662
0.689166227708398
0.68248315594127
0.680093600577149
0.677846984348721
0.676299612708301
0.675779422226207
0.675779422226207
0.674907782933748
0.672291966281008
0.671711062931915
0.665152197849807
0.769250496581337
0.703707126878226
0.661073885032481
0.797739846131736
0.69049281010662
0.666045665112739
0.720695633288615
0.702519296773786
0.656651319693472
0.65245568635831
0.651599953245895
0.648430432421065
0.644086792703728
0.644086792703728
0.642288848673261
0.641128719377129
0.639836313102658
0.63685102386851
0.635121801085304
0.629686877253787
0.629466356626118
0.629281864726284
0.628683958733479
0.627269022395361
0.62653274048561
0.62653274048561
0.616613380858256
0.615260198062385
0.613792324800257
0.612553583419665
0.611265606182006
0.611200178855783
0.404800193336586
0.380298574030514
0.374955510401499
0.37594588483706
0.454193552356285
0.368710556397225
0.389147011245277
0.387557741702735
0.520450121020702
0.376911329104462
0.380283944793927
0.369893800110455
0.373969479598665
0.39911833442332
0.405375569716927
0.438740860422333
0.364976899765567
0.367812742615312
0.529937935501578
0.424855427762271
0.379240607351547
0.492070421599737
0.463566451980951
0.404832700959093
0.378372219810224
0.470425231975287
0.470855045184911
0.439482362468663
0.360966064138726
0.368541518891451
0.446550850108466
0.404990783812934
0.37152709342263
0.431076688108849
0.520450121020702
0.375426947033472
0.375346275913815
0.370132995718862
0.370132995718862
0.430801158018344
0.366830054717742
0.459723809858615
0.372914748318253
0.392385801209524
0.371447627961822
0.520450121020702
0.371876023607788
0.362167780264455
0.520450121020702
0.417448625356413
0.362059263984549
0.380980272234059
0.479478539913046
0.389942793707763
0.390954510242196
0.428583728917195
0.450802481303115
0.457798053631082
0.404990783812934
0.369784877840374
0.366488240633328
0.392120283137006
0.399089608610138
0.385609047158946
0.476273263931167
0.370281953966617
0.370659561982491
0.404990783812934
0.435594989752286
0.372492944510493
0.462711557381407
0.454163318482894
0.520450121020702
0.374174578294036
0.409017669084927
0.399551088830701
0.362152117348368
0.431492753208108
0.402110110120415
0.499059249389216
0.362003752539555
0.438555561763232
0.382612126819558
0.404990783812934
0.382723773437018
0.406421488211739
0.386572879646267
0.371110057568246
0.605335060227797
0.373215950409943
0.5109145787209
0.39096900376236
0.375081183454906
0.373973000872913
0.391851027576136
0.366318820122939
0.372225752128099
0.367343075386414
0.392204096747117
0.520450121020702
0.391312104109792
0.361789661066719
0.408045664169325
0.375327714071625
0.414980149192763
0.367856455062961
0.409382671475713
0.386764258521161
0.369570307059563
0.383203144527123
0.386572879646267
0.385575478683067
0.393200674214533
0.415408062828303
0.376465173095029
0.520450121020702
0.424631953200233
0.375023665546436
0.413352517840018
0.367343075386414
0.423103046790986
0.404990783812934
0.438590486831118
0.379240729098871
0.391811854171026
0.432325370881371
0.520450121020702
0.442040713974161
0.382025913890762
0.488648461216461
0.406830674998481
0.362398987668253
0.38167721348789
0.362167780264454
0.370809697025288
0.520450121020702
0.404990783812934
0.393133528926464
0.413407111780524
0.367956071664224
0.430433289449538
0.469715535612444
0.384898949700293
0.368343211189078
0.416006874372654
0.4474208839247
0.405801436964384
0.376128404732203
0.361262391909794
0.37094424419277
0.500553134766907
0.373527181915394
0.391321701903789
0.395133877399361
0.414933315202567
0.379066852635422
0.390597069255603
0.363078919888215
0.380050945730801
0.361707115569253
0.363326332100224
0.520450121020702
0.368541518891451
0.37292378544987
0.363891929136683
0.404990783812934
0.431164512678802
0.366766676872467
0.381328666215011
0.446572157787177
0.462892424374829
0.394746483033195
0.520450121020702
0.381545600391632
0.383598048118306
0.376777982036624
0.363711015482219
0.404990783812934
0.378888431045107
0.365293151727892
0.437753069586184
0.385253920584315
0.500553134766907
0.410403108053606
0.482886112921055
0.407840461613564
0.37094424419277
0.405012156525897
0.520450121020702
0.429829471400041
0.396452429775894
0.394178337242702
0.366659167606699
0.391349422985772
0.373623101156274
0.384121322925876
0.399400663989322
0.443569345405219
0.448265385911381
0.443628119386226
0.494431389409609
0.379240729098872
0.370256959044742
0.383598048118306
0.382418527291192
0.364928406156815
0.39273397815682
0.36718240336476
0.399578542508856
0.389882646638477
0.440267206991683
0.520450121020702
0.361406009963822
0.369118099916398
0.404236054430596
0.41405798772234
0.404832700959093
0.384121322925876
0.368541518891451
0.373009886504383
0.431169154247231
0.410894852577533
0.401024265770273
0.385171081475565
0.403610659598448
0.36409590469895
0.364270353853169
0.404990783812934
0.462950880094126
0.520450121020702
0.373273362628464
0.395211147172558
0.392385801209524
0.381231552191255
0.404990783812934
0.397138910431189
0.3699135538315
0.366146586476289
0.406446437943184
0.371976356450722
0.444792734383849
0.36409590469895
0.398746288354162
0.423202744068441
0.367352623546097
0.412526861863032
0.374323061617626
0.38517960501555
0.39885657106788
0.374564944453533
0.39273402415594
0.387274684356457
0.368730554011498
0.372615116003279
0.446155261606098
0.404990783812934
0.400008781526332
0.459116887523654
0.404990783812934
0.376118942009746
0.361889462811701
0.362173519037619
0.396452429775894
0.389383704907417
0.392385801209524
0.376638346968444
0.371178325383145
0.439296940899924
0.384783924886763
0.379240607351547
0.382723773437018
0.412935304793444
0.421919532655853
0.383203144527123
0.374955510401499
0.404990783812934
0.376128404732203
0.377129325174919
0.41708051660272
0.404990783812934
0.402149527075366
0.397054250845048
0.364480999542081
0.38991180229564
0.383203144527124
0.37152709342263
0.384898949700292
0.376465173095029
0.437074283393974
0.369089131038764
0.366916023456803
0.392204096747117
0.379264857366387
0.363078919888215
0.407559096432729
0.364781572050909
0.404990783812934
0.397540476388905
0.487686616875358
0.36602343099217
0.373623101156274
0.388328519690147
0.439667814696844
0.42639522042746
0.404395321800633
0.389041100665194
0.446364282804425
0.384898949700293
0.41818525926321
0.382413921762465
0.391536644200862
0.420327402548925
0.441542147920505
0.368710556397225
0.362568910143464
0.438740860422333
0.37292378544987
0.409682456374093
0.36804673556484
0.373872241609479
0.390087909399049
0.411209828936381
0.362512278056977
0.379720604138417
0.382898333775844
0.366468075193281
0.397540476388905
0.475999689407326
0.361041064348455
0.425581784361594
0.487494316970206
0.405739128353312
0.372923785449871
0.428228770606077
0.430801158018344
0.371447627961823
0.489892317831089
0.378087203357327
0.520450121020702
0.397540476388905
0.388749406570292
0.388504290274156
0.385253920584315
0.404990783812934
0.385521304195697
0.375346275913815
0.370481276373614
0.366795875017512
0.408858827152927
0.412526861863032
0.363201771913622
0.378087203357327
0.381231552191255
0.360669860212579
0.471715067057825
0.36358929273557
0.370481276373614
0.383598048118306
0.372665219207938
0.520450121020702
0.404990783812934
0.401969911430868
0.520450121020702
0.363891929136683
0.404990783812934
0.412387759548739
0.441895622938207
0.377303089056995
0.385253920584315
0.37094424419277
0.381328666215011
0.412307832676228
0.365274228876419
0.394282445492676
0.365274228876419
0.463081487647331
0.404990783812934
0.388812163767251
0.362173519037619
0.404990783812934
0.366659167606699
0.373273362628464
0.397414416045155
0.404990783812934
0.428183342389499
0.382307259103843
0.366795875017512
0.384821010247006
0.375599887329397
0.404990783812934
0.370256959044742
0.471411528920553
0.380632031706617
0.373699692166592
0.404990783812934
0.391851027576136
0.368343211189078
0.378198658213224
0.477317875609538
0.449352897083854
0.520450121020702
0.365122585034796
0.404990783812934
0.420029263409117
0.450802481303115
0.459297550003211
0.417448625356413
0.394733431927416
0.418260948574827
0.391669850679667
0.388328519690147
0.388680098333896
0.373784412146557
0.380806132778563
0.434856091504437
0.520450121020702
0.371836589374225
0.362856941989727
0.427351604986214
0.395520439182373
0.389882646638477
0.442841278646782
0.440267206991682
0.365293151727892
0.360701988747732
0.430617207763329
0.445769695447
0.379414400631736
0.368343211189078
0.371976356450722
0.391145334254756
0.363637461135598
0.410487292248093
0.371876023607787
0.427494961729189
0.437629530938488
0.417029350813257
0.373818713931149
0.362152117348368
0.381711246159445
0.419494094539409
0.367352623546097
0.426324418557642
0.373973000872913
0.3932641922319
0.364952058469743
0.391536644200862
0.486847845984911
0.412929752968497
0.399953766042783
0.520450121020702
0.424930721763829
0.393819526791987
0.406827262773022
0.389942793707763
0.390340971004548
0.550313692213694
0.401969911430868
0.418003191323941
0.394537298952683
0.363934899242733
0.362512278056976
0.361789661066719
0.363546767679211
0.412674117604253
0.372148513112791
0.364237256135861
0.38167721348789
0.430881751573183
0.414142590073528
0.520450121020702
0.366146586476289
0.360966064138726
0.387801433003384
0.404990783812934
0.40914233303347
0.376075775110348
0.485544841143066
0.411304703556141
0.39885657106788
0.391966054512667
0.39238068688483
0.360791453465639
0.489610877258379
0.386675359296196
0.39885657106788
0.404990783812934
0.407233217133178
0.39633437000761
0.496435122370565
0.449223621397879
0.378536291730448
0.375023665546437
0.361406009963822
0.401969911430868
0.361135285213662
0.408962361649846
0.452920801244331
0.601433883134175
0.368027661315054
0.375599887329397
0.404990783812934
0.484676768351126
0.378087203357327
0.364866299802711
0.381004594622881
0.41084411203675
0.361719702108583
0.382002508037269
0.386319766688284
0.369436922894885
0.381231552191255
0.520450121020702
0.370883718355561
0.388504290274156
0.376465173095029
0.374323061617626
0.500553134766907
0.381328666215011
0.385575478683067
0.404990783812934
0.520450121020702
0.479911048403801
0.415644348269612
0.404990783812934
0.443926659354255
0.382772403532088
0.393102360394636
0.410487292248093
0.380024476894951
0.473341641925045
0.490327708536643
0.389031826796062
0.379264857366387
0.370132995718862
0.389525665363553
0.366659127693796
0.363340146017335
0.362745885130901
0.382019603060424
0.41889666317385
0.382307259103843
0.370281953966617
0.381004594622881
0.404990783812934
0.377129325174919
0.373182279065066
0.395033967542027
0.384189475693625
0.369089131038764
0.378372219810224
0.373818713931149
0.439920320775985
0.367699597622596
0.386739202775063
0.365620216533387
0.371447627961822
0.437334597768475
0.375772866603765
0.373215950409943
0.520450121020702
0.362557583670991
0.384749457856964
0.412118594899089
0.500553134766907
0.404990783812934
0.419494094539409
0.424152762920239
0.38167721348789
0.403043027536235
0.401386066401319
0.396097594753894
0.377142443096098
0.366916023456803
0.395534510254799
0.435651955026936
0.361789661066719
0.365871238135684
0.362894404153844
0.363711015482219
0.3699135538315
0.393664121761861
0.404990783812934
0.360639329181352
0.455687227470812
0.401969911430868
0.41873013738574
0.363934899242733
0.438555561763232
0.376638346968444
0.363201771913622
0.362167780264454
0.361022565933897
0.492942462947638
0.382917111075807
0.372320709139076
0.394127822424826
0.435594989752286
0.487313579680337
0.366312686051068
0.406830674998481
0.491607907185701
0.392891849995898
0.383771707163072
0.401748014581161
0.384388438535544
0.402777652387643
0.411710504179044
0.372574369780517
0.362152117348368
0.462711557381408
0.428473543825526
0.362167780264454
0.453450495796619
0.383598048118306
0.390597069255603
0.403937419786934
0.373784412146557
0.395534510254799
0.396694235437664
0.362512278056976
0.373784412146557
0.375772866603765
0.372914748318253
0.404990783812934
0.379240729098872
0.369436922894884
0.377596792599247
0.379240607351547
0.365251805271379
0.371836589374225
0.493659175090063
0.404990783812934
0.520450121020702
0.378198658213224
0.404990783812934
0.404990783812934
0.370281953966617
0.501202961260453
0.385609047158946
0.369118099916398
0.384388438535544
0.395255675421947
0.372574369780517
0.378198658213224
0.404990783812934
0.368710556397225
0.44960288417743
0.374874700825424
0.361406009963822
0.433195406035347
0.361210662995184
0.40322183473478
0.366830054717742
0.381711246159445
0.384388438535544
0.50547244953027
0.380980272234059
0.388351993259007
0.394856824591284
0.384821010247006
0.36453014403895
0.46699151849379
0.364237256135861
0.404474482003795
0.39813519508329
0.371804239171929
0.390954510242196
0.444048927754717
0.412674117604253
0.365463758530831
0.493954980759924
0.402049076559443
0.369741910630975
0.390440235439135
0.397414416045156
0.375374208407198
0.364232460242624
0.364611125796449
0.380298574030514
0.399830619900408
0.374908360211189
0.385346173909536
0.388351993259007
0.39597465473912
0.457168377466401
0.425953034435528
0.404990783812934
0.39238068688483
0.371460122840315
0.466134434210469
0.365251805271379
0.376777982036624
0.383771707163072
0.397138910431189
0.389735732498387
0.365966368975723
0.500553134766907
0.387160903943921
0.387352411360347
0.378893136503311
0.382808435663176
0.361406009963822
0.483375562277703
0.410042712689272
0.365637515738061
0.370281953966617
0.378872108661355
0.387801433003384
0.520450121020702
0.404990783812934
0.372148513112791
0.361789661066719
0.365274228876419
0.367812742615312
0.370256959044742
0.365251805271379
0.413752717441112
0.405801436964384
0.377851651089342
0.414140670376764
0.368860298261567
0.368730554011499
0.41194168945561
0.362568910143464
0.396336337101231
0.366659167606699
0.372574369780517
0.388455643799277
0.360532511829039
0.385055254838931
0.361719702108583
0.404990783812934
0.39202774977273
0.368741502428017
0.408468764975
0.383993146200158
0.375081183454906
0.422986805089092
0.399296351593664
0.386585972502972
0.393133528926464
0.39633437000761
0.368860298261567
0.446576984524679
0.403559962071006
0.478442750902073
0.360447788597821
0.363488788196858
0.401792377232099
0.372148513112791
0.362300513023799
0.380109958993406
0.430617207763329
0.399089608610138
0.416732333987379
0.369436922894885
0.362856941989728
0.375374208407198
0.369436922894885
0.363711015482218
0.446421456837657
0.369055734307483
0.410222893002167
0.385521304195697
0.412674117604253
0.369089131038764
0.404990783812934
0.406898809445277
0.389942793707763
0.427754056953138
0.382019603060424
0.374955510401499
0.407369514934159
0.363201771913622
0.390739338683604
0.470640222442598
0.374562830912031
0.38916883768085
0.392557314028598
0.408602523619232
0.373004680779039
0.362300513023799
0.384821010247006
0.397414416045156
0.387199066117386
0.369089131038764
0.363078919888215
0.373182279065066
0.376537058445687
0.377695047217308
0.520450121020702
0.372665219207938
0.37094424419277
0.362059263984549
0.388812163767251
0.378893136503311
0.363891929136683
0.419093812102184
0.373394446234084
0.433575511509767
0.401969911430868
0.402110110120415
0.368394037218284
0.364480999542081
0.443979226991786
0.404990783812934
0.36392974278472
0.361022565933896
0.379264857366387
0.397517810224597
0.399474404911595
0.403197278995296
0.394733431927416
0.399953766042783
0.368860298261567
0.408311649061397
0.374908360211189
0.476454493164005
0.404990783812934
0.401792377232099
0.472378146279129
0.384296187812593
0.388749406570292
0.411485126538851
0.376688360138162
0.369055734307483
0.404990783812934
0.482456251718891
0.405739128353312
0.365251805271379
0.403400677582059
0.401162902454551
0.383680080866696
0.385971545649915
0.367962302302197
0.382019603060424
0.385971545649915
0.407639351022153
0.367352623546097
0.401566315313744
0.378545820070817
0.374564944453534
0.360871506260085
0.36804673556484
0.385253920584315
0.368712884295001
0.362059263984549
0.399551088830701
0.361262391909794
0.385055254838931
0.395935330240141
0.428583728917195
0.37152709342263
0.388328519690147
0.430045585176498
0.419494094539409
0.400365212928651
0.385171081475565
0.371447627961823
0.418548350411755
0.377129325174919
0.390954510242196
0.365125879634634
0.377129325174919
0.444469889352108
0.375023665546437
0.375254045735484
0.38916883768085
0.462950880094126
0.378536291730448
0.404990783812934
0.37965780313317
0.450361769074246
0.378536291730448
0.389963661334014
0.401435370714218
0.389147011245277
0.482694399321052
0.413040544039276
0.390597069255603
0.360966064138726
0.40986256713867
0.36358929273557
0.381393356284967
0.405205246013173
0.465706095611117
0.468955722075062
0.39521077277308
0.362856941989727
0.431721387494083
0.395935330240141
0.38162547979192
0.414919704449565
0.362738873017116
0.377832489981588
0.385346173909536
0.430045585176497
0.39885657106788
0.363546767679211
0.368730554011499
0.39273397815682
0.385346173909536
0.374723756016223
0.396097594753894
0.380298574030514
0.375772866603765
0.36819890738288
0.397540476388905
0.37152709342263
0.383834972914836
0.373699692166592
0.362059263984549
0.37020933791997
0.373394446234084
0.459366332158631
0.362167780264454
0.381697873728243
0.367569135651464
0.520450121020702
0.369436922894885
0.372615116003279
0.375772866603765
0.361719702108583
0.368343211189078
0.418671825588181
0.387450229643764
0.361789661066719
0.376519767587217
0.361823448760883
0.396274994001965
0.520450121020702
0.457555772251464
0.414161686600674
0.404990783812934
0.364928406156815
0.386675359296196
0.396694235437664
0.380632031706617
0.387954771555365
0.386764258521161
0.442794720179036
0.403141898706138
0.373273362628464
0.382064808110463
0.451321117284599
0.480113746613403
0.404990783812934
0.387954771555365
0.363201771913622
0.390264053787319
0.397414416045156
0.461947514966832
0.362512278056977
0.399551088830701
0.372837533212284
0.374673283229295
0.376777982036624
0.375025675446361
0.366409550822558
0.385521304195697
0.419275699795036
0.390616454333157
0.367065400521277
0.362856941989728
0.404990783812934
0.382772403532088
0.394537298952683
0.500234007386501
0.380024476894951
0.367214808053604
0.418737820038369
0.368394037218284
0.412118594899089
0.370883718355561
0.404990783812934
0.364480999542081
0.437334597768476
0.496435122370565
0.404990783812934
0.410478537642479
0.368741502428017
0.362557583670991
0.461758614684889
0.443569345405219
0.399578542508856
0.370428721019833
0.404990783812934
0.382418527291192
0.365637515738061
0.43191111980843
0.435244619185054
0.391321701903789
0.504501250286952
0.404800193336585
0.410513694851544
0.378536291730448
0.570636357451666
0.380837820492162
0.37335471087514
0.361823448760883
0.379240729098872
0.384471090675424
0.506526135945224
0.373623101156274
0.409017669084927
0.39393310414552
0.465309511467112
0.361210662995184
0.436037497289106
0.373973000872912
0.394325616036703
0.404990783812934
0.366659167606699
0.378872108661355
0.500553134766907
0.427339468776926
0.420914194592327
0.401566315313744
0.403400677582059
0.382612126819558
0.449533263041882
0.385609047158946
0.370428721019833
0.36392974278472
0.361889462811701
0.362941854760744
0.436360546092739
0.404990783812934
0.404990783812934
0.37105886811049
0.449165888589317
0.376465173095029
0.373394446234084
0.435244619185054
0.404990783812934
0.406466681188067
0.362173519037619
0.425269017871538
0.372665219207938
0.404990783812934
0.365274228876419
0.397054250845048
0.404990783812934
0.382154868982633
0.443011166422353
0.520450121020702
0.380298574030514
0.367569135651464
0.377832489981588
0.382200321465246
0.397054250845048
0.363078919888215
0.399556233054612
0.404990783812934
0.404990783812934
0.393971660800235
0.395033967542027
0.369118099916398
0.366169595581746
0.493814956767563
0.36718240336476
0.387954771555365
0.36718240336476
0.405801436964384
0.387274684356457
0.375081183454906
0.412118594899089
0.397070445822932
0.368394037218284
0.419660186906423
0.364440719724499
0.42447219806236
0.394856824591284
0.404990783812934
0.433748684661435
0.364237256135861
0.401078507703474
0.378536291730448
0.382772403532088
0.404990783812934
0.394333174091985
0.390440235439135
0.500553134766907
0.404285767251773
0.397517810224597
0.399217482449679
0.387977091033695
0.363711015482219
0.467296487743517
0.381545600391632
0.365274890130273
0.365620216533387
0.422246600986966
0.36409590469895
0.374564944453533
0.373004680779038
0.400759673115395
0.384996026914493
0.401792377232099
0.433134356259521
0.375737240765798
0.362894404153844
0.362167780264454
0.369505848688122
0.386764258521161
0.372225752128099
0.375327714071625
0.399953766042783
0.404990783812934
0.437753069586184
0.370772363612724
0.365274228876419
0.401969911430868
0.379240729098872
0.443011166422353
0.381502920700072
0.362448939553964
0.520450121020702
0.384189475693625
0.377695047217308
0.404990783812934
0.367001021686773
0.427861801504434
0.369893800110455
0.372320709139076
0.361022565933897
0.403043027536235
0.448687862061199
0.400301107910266
0.361789661066719
0.409265676445275
0.374564944453534
0.386367805676125
0.373009886504383
0.520450121020702
0.404990783812934
0.377303089056996
0.395033967542027
0.410763642277001
0.364270353853169
0.375374208407198
0.500372772243967
0.361789661066719
0.404990783812934
0.36804673556484
0.385575478683067
0.368884289439896
0.404990783812934
0.376292038102263
0.389383704907417
0.400008781526332
0.370132995718862
0.413040544039276
0.416188188386965
0.366020401581925
0.38703110690113
0.415463136229751
0.404990783812934
0.453021614317699
0.379240607351547
0.367569135651464
0.456742970680905
0.3934608677822
0.363891929136683
0.403559962071007
0.380837820492162
0.399939751058234
0.39885657106788
0.430801158018344
0.363546767679211
0.422920460357479
0.400186979209924
0.372011861946427
0.404990783812934
0.382064808110463
0.480699620273801
0.362059263984549
0.384646031493768
0.439272242726849
0.390597069255603
0.388426631095689
0.373623101156274
0.437629530938488
0.370883718355561
0.424098128814097
0.380176457326379
0.389168837680849
0.394733431927416
0.378536291730448
0.42495153852468
0.361549981892962
0.367812742615312
0.37050945710895
0.414933315202567
0.400543482659957
0.43191111980843
0.419905485903727
0.376911329104462
0.388812163767251
0.415100814295357
0.368741502428017
0.36819890738288
0.404990783812934
0.36358929273557
0.382154868982633
0.404285767251773
0.360791453465639
0.361789661066719
0.520450121020702
0.361380302182588
0.415242063027361
0.402777652387642
0.404079665021127
0.404395321800633
0.364582748526207
0.399551088830701
0.366659167606699
0.464849827242018
0.520450121020702
0.36409590469895
0.363546767679211
0.520450121020702
0.421278671475666
0.425953034435528
0.365274228876419
0.515406411836452
0.371804239171929
0.369784877840374
0.360791453465639
0.363340146017335
0.415389642064194
0.375023665546437
0.504307070666901
0.361789661066719
0.386397522683051
0.384296187812593
0.394333174091984
0.369089131038764
0.403559962071007
0.375426947033472
0.409747817163941
0.363201771913622
0.372923785449871
0.409747817163941
0.370883718355561
0.37335471087514
0.362167780264455
0.434154068093957
0.360817946689151
0.363934899242733
0.520450121020702
0.3966299020536
0.373004680779038
0.402777652387643
0.362398987668253
0.386367805676125
0.397162537688297
0.37965780313317
0.367569135651464
0.500553134766907
0.366409550822558
0.373973000872913
0.430660785905932
0.388749406570292
0.446364282804425
0.378657976007865
0.422789993798608
0.396452429775894
0.423615662892723
0.43608013327501
0.384388438535544
0.384189475693625
0.520450121020702
0.404990783812934
0.451648472504071
0.373215950409943
0.38167721348789
0.432007460356255
0.397414416045155
0.382307259103843
0.373818713931149
0.520450121020702
0.383834972914836
0.37152709342263
0.379593185725495
0.362568910143464
0.373517272315093
0.389383704907417
0.385253920584315
0.520450121020702
0.578481635905832
0.373818713931149
0.363340146017335
0.487686616875358
0.453344905683524
0.390739338683604
0.370670310039265
0.360639329181352
0.422986805089092
0.406102832241624
0.365966368975723
0.372613666142371
0.374673283229296
0.372463170054788
0.404990783812934
0.39202774977273
0.404990783812934
0.370281953966617
0.520450121020702
0.499627280223192
0.362557583670991
0.520450121020702
0.373623101156274
0.371178325383145
0.363201771913622
0.362167780264455
0.369118099916398
0.392910679247876
0.372225115780059
0.390616454333157
0.363042953983864
0.520450121020702
0.373973000872913
0.371836589374225
0.387274684356457
0.393971660800235
0.392910679247876
0.368394037218284
0.3699135538315
0.419275699795036
0.39202774977273
0.393533222339907
0.404990783812934
0.384996026914493
0.387274684356457
0.438370293899401
0.520450121020702
0.389942793707763
0.373623101156274
0.407923523666403
0.360791453465639
0.373004680779038
0.399939751058234
0.363326332100224
0.391851027576136
0.428183342389499
0.398344165607671
0.360791453465639
0.368370193247874
0.434101207305815
0.411710504179044
0.41908287433854
0.365274228876419
0.366317393554709
0.392334708278516
0.392194149108556
0.388504290274156
0.433379800706893
0.378479557248411
0.408288094983721
0.368343211189078
0.39813519508329
0.380444284927811
0.384189475693625
0.381711246159445
0.404990783812934
0.369784877840374
0.403586123216662
0.464101490919877
0.470855045184911
0.520450121020702
0.387801433003384
0.520450121020702
0.362152117348368
0.384121322925876
0.420367729070949
0.390739338683604
0.385346173909536
0.380837820492162
0.37774830160455
0.385871678241648
0.431492753208108
0.366659167606699
0.37105886811049
0.404990783812934
0.37880969168026
0.365637515738061
0.394537298952683
0.404653573749083
0.383834972914836
0.374217457993185
0.455583558306304
0.385055254838931
0.501590687963886
0.451500991206091
0.360966064138726
0.362856941989727
0.460625786690119
0.520450121020702
0.520450121020702
0.37965780313317
0.380109958993406
0.380837820492162
0.388680098333896
0.38762581253307
0.520450121020702
0.373699692166592
0.408288094983721
0.382002508037269
0.406984985297754
0.399867453861712
0.402361175074006
0.421506941555208
0.420914194592327
0.385253920584315
0.364952058469743
0.363759497623717
0.396807410812987
0.394502648816751
0.379240729098871
0.384138211326895
0.401435370714218
0.429330451796845
0.362856941989728
0.37082971964753
0.386367805676125
0.36358929273557
0.385871678241648
0.363326332100224
0.404990783812934
0.404653573749083
0.373818713931149
0.41405798772234
0.367001021686773
0.36409590469895
0.382025913890762
0.368394037218284
0.367343075386414
0.363891929136683
0.368370193247874
0.361823448760883
0.362941854760744
0.37082971964753
0.482502709591933
0.520450121020702
0.402373690543248
0.370772363612724
0.368741502428017
0.500553134766907
0.390271409454655
0.431364052446588
0.408288094983721
0.384898949700293
0.388812163767251
0.361380302182588
0.379066852635422
0.404990783812934
0.44524550235046
0.401748014581161
0.364866299802711
0.434902753935786
0.361406009963822
0.389383704907417
0.405012156525897
0.404990783812934
0.382025913890762
0.364237256135861
0.367172028582476
0.520450121020702
0.362173519037619
0.394856824591284
0.520450121020702
0.431076688108849
0.379416848946032
0.378184311320771
0.365637515738061
0.366312686051068
0.520450121020702
0.41891195795748
0.374564944453534
0.376638346968444
0.379240607351547
0.368710556397225
0.36819890738288
0.398344165607671
0.608432764702281
0.60681395285397
0.602869553247632
0.601433883134175
0.601433883134175
0.601433883134175
0.601433883134175
0.601433883134175
0.601433883134175
0.601433883134175
0.601433883134175
0.601433883134175
0.601433883134175
0.601433883134175
0.601433883134175
0.5931556201815
0.749452338596312
0.699722109265843
0.589097700766024
0.586988606970407
0.584795754190737
0.578481635905832
0.578481635905832
0.570636357451666
0.566142170553668
0.56569298166059
0.564794735243767
0.556718979373081
0.55463561197075
0.554182129145897
0.549912392404399
0.548042685998451
0.397873228244312
0.373004680779039
0.379945800758369
0.415389642064193
0.368730554011499
0.368111892382965
0.391321701903789
0.363201771913622
0.368730554011499
0.520450121020702
0.485979057043649
0.374217457993185
0.365722105255221
0.495010779995458
0.374955510401499
0.362557583670991
0.416199828377553
0.377695047217308
0.373004680779039
0.404295425746307
0.507805354428341
0.394502648816751
0.370772363612724
0.394896411739897
0.386046921959914
0.368712884295001
0.388152786602968
0.373784412146557
0.369784877840374
0.384471090675424
0.37993601165688
0.404990783812934
0.446258482522708
0.373973000872912
0.385696472313318
0.367956071664224
0.376537058445687
0.404990783812934
0.404990783812934
0.372320709139076
0.408288094983721
0.382549251258724
0.37774830160455
0.397774730853016
0.384898949700292
0.426096699050193
0.361135285213662
0.450475559979717
0.420029263409117
0.386397522683051
0.404990783812934
0.361719702108583
0.397942228200064
0.520450121020702
0.382064808110463
0.376075775110348
0.365463758530831
0.384898949700293
0.367569135651464
0.408288094983721
0.365620216533387
0.404990783812934
0.376118942009746
0.371116164270008
0.404990783812934
0.361789661066719
0.39521077277308
0.378087203357327
0.378184311320771
0.390579271334871
0.387505785311122
0.363201771913622
0.368741502428017
0.375780995273349
0.451880969575243
0.382723773437018
0.361022565933897
0.361823448760883
0.418260948574827
0.37442195588477
0.36392974278472
0.403400677582059
0.520450121020702
0.396097594753894
0.520450121020702
0.388099277953077
0.365122585034796
0.399939751058234
0.380109958993406
0.438171699377872
0.371876023607788
0.381328666215011
0.408858827152927
0.370256959044742
0.386675359296196
0.398623232644087
0.520450121020702
0.439847792027606
0.366409550822558
0.375932148492283
0.39614010727233
0.362856941989728
0.37094424419277
0.368884289439896
0.403766967589718
0.411459020339494
0.363340146017335
0.363201771913622
0.362856941989728
0.433992547595335
0.373009886504383
0.411710504179044
0.427351604986214
0.375599887329397
0.366659167606699
0.393971660800235
0.400356627557816
0.412674117604253
0.369118099916398
0.392385801209524
0.404990783812934
0.36542393124035
0.383527428774461
0.380457969038364
0.373004680779039
0.37082971964753
0.362173519037619
0.364611125796449
0.375629871788253
0.387557741702735
0.376075775110348
0.362941854760743
0.389882646638477
0.396450108718161
0.410478537642479
0.391935581543808
0.386748274316108
0.39238068688483
0.394148620023926
0.440966836468434
0.398934122326154
0.407233217133179
0.368343211189078
0.405728868170758
0.410478537642479
0.366020401581925
0.391935581543808
0.389963661334014
0.365274228876419
0.361041064348455
0.448605038509604
0.37442195588477
0.380050945730801
0.365274228876419
0.3934608677822
0.363201771913622
0.373784412146557
0.372011861946427
0.368394037218284
0.365634405425392
0.39633633710123
0.436522106125571
0.423357110865555
0.49599815074977
0.397695501060139
0.369893800110455
0.364827950535194
0.379762102804406
0.365122585034796
0.390264053787319
0.412720931492891
0.471797340972047
0.399217482449679
0.364827950535194
0.387274684356457
0.408242825394679
0.362229105609336
0.39633437000761
0.404990783812934
0.366830054717742
0.375346275913814
0.404990783812934
0.368027661315054
0.385171081475565
0.386585972502972
0.373394446234084
0.500553134766907
0.384783924886764
0.368541518891451
0.388504290274156
0.404990783812934
0.361022565933897
0.392194149108556
0.404990783812934
0.486847845984911
0.376075775110348
0.367001021686773
0.530044303937597
0.383993146200158
0.444469889352107
0.444048927754717
0.366318820122939
0.372320709139076
0.393460867782199
0.404990783812934
0.361406009963822
0.435225478068749
0.420317048143868
0.387352411360347
0.384898949700293
0.443171909485381
0.36409590469895
0.463081487647331
0.520450121020702
0.3830729322548
0.36453014403895
0.370059323629665
0.370883718355561
0.402373690543248
0.361135285213662
0.368730554011499
0.404990783812934
0.375737240765798
0.396336337101231
0.520450121020702
0.445059143097351
0.470640222442598
0.372923785449871
0.387977091033695
0.361041064348455
0.366409550822558
0.382418527291192
0.380806132778563
0.367343075386414
0.405370295146362
0.376118942009746
0.361406009963822
0.448542173967781
0.447484130212195
0.374217457993185
0.520450121020702
0.520450121020702
0.39885657106788
0.369741910630975
0.376426798627207
0.373623101156274
0.374874700825424
0.396274994001965
0.393460867782199
0.404990783812934
0.520450121020702
0.417850243584408
0.362152117348368
0.404990783812934
0.380651505374588
0.37412027515536
0.365463758530831
0.375374208407198
0.405012156525897
0.36804673556484
0.368730554011499
0.450339581380394
0.377303089056996
0.391312104109792
0.370883718355561
0.365274228876419
0.422008024025669
0.394679718342231
0.433134356259521
0.399551088830701
0.419905485903727
0.37152709342263
0.368884289439896
0.404990783812934
0.414300682932339
0.368111892382965
0.390954510242196
0.369784877840374
0.399474404911595
0.366488240633328
0.374673283229296
0.382019603060424
0.39273397815682
0.364679031955622
0.362398987668253
0.406984985297754
0.400301107910266
0.369570307059563
0.375023665546437
0.376075775110348
0.371058868110491
0.406625918526383
0.384296187812593
0.362059263984549
0.362167780264454
0.386675359296196
0.383680080866696
0.391811854171026
0.36147928369462
0.520450121020702
0.409265676445275
0.444469889352107
0.36409590469895
0.366916023456803
0.39393310414552
0.363786164821559
0.376519767587217
0.363711015482219
0.541959736070858
0.529493739985626
0.52414644774816
0.522753193194641
0.520450121020702
0.520450121020702
0.520450121020702
0.520450121020702
0.520450121020702
0.520450121020702
0.520450121020702
0.520450121020702
0.520450121020702
0.520450121020702
0.520450121020702
0.520450121020702
0.520450121020702
0.520450121020702
0.520450121020702
0.520450121020702
0.520450121020702
0.520450121020702
0.520450121020702
0.520450121020702
0.520450121020702
0.520450121020702
0.520450121020702
0.520450121020702
0.520450121020702
0.520450121020702
0.520450121020702
0.520450121020702
0.520450121020702
0.520450121020702
0.520450121020702
0.520450121020702
0.520450121020702
0.520450121020702
0.520450121020702
0.520450121020702
0.733091445775823
0.520450121020702
0.520450121020702
0.520450121020702
0.520450121020702
0.520450121020702
0.520450121020702
0.520450121020702
0.520450121020702
0.520450121020702
0.520450121020702
0.520450121020702
0.520450121020702
0.520450121020702
0.520450121020702
0.520450121020702
0.520450121020702
0.520450121020702
0.520450121020702
0.520450121020702
0.520450121020702
0.520450121020702
0.520450121020702
0.520450121020702
0.520450121020702
0.520450121020702
0.520450121020702
0.520450121020702
0.520450121020702
0.520450121020702
0.520450121020702
0.520450121020702
0.520450121020702
0.520450121020702
0.520450121020702
0.520450121020702
0.520450121020702
0.520450121020702
0.520450121020702
0.520450121020702
0.520450121020702
0.520450121020702
0.520450121020702
0.520450121020702
0.520450121020702
0.520450121020702
0.520450121020702
0.520450121020702
0.520450121020702
0.520450121020702
0.520450121020702
0.520450121020702
0.520450121020702
0.520450121020702
0.520450121020702
0.520450121020702
0.520450121020702
0.520450121020702
0.520450121020702
0.520450121020702
0.520450121020702
0.520450121020702
0.520450121020702
0.520450121020702
0.520450121020702
0.520450121020702
0.520450121020702
0.520450121020702
0.520450121020702
0.520450121020702
0.520450121020702
0.520450121020702
0.520450121020702
0.520450121020702
0.520450121020702
0.520450121020702
0.520450121020702
0.520450121020702
0.520450121020702
0.520450121020702
0.520450121020702
0.520450121020702
0.520450121020702
0.520450121020702
0.520450121020702
0.520450121020702
0.520450121020702
0.520450121020702
0.520450121020702
0.520450121020702
0.520450121020702
0.554182129145897
0.520450121020702
0.520450121020702
0.520450121020702
0.520450121020702
0.520450121020702
0.520450121020702
0.520450121020702
0.520450121020702
0.520450121020702
0.520450121020702
0.520450121020702
0.520450121020702
0.520450121020702
0.520450121020702
0.520450121020702
0.520450121020702
0.520450121020702
0.520450121020702
0.520450121020702
0.520450121020702
0.520450121020702
0.520450121020702
0.520450121020702
0.520184670259532
0.519742323091829
0.519742323091829
0.517750855681535
0.517531927793706
0.517198138647788
0.517164502776442
0.51709011973059
0.516382948978767
0.515765244939086
0.512360601709781
0.511657464721171
0.511355071503677
0.509593683958944
0.508273673034842
0.507999890977573
0.507833867676743
0.507709092864601
0.507394162128165
0.506137530058531
0.506137530058531
0.50494999911086
0.50388015877022
0.503768760827054
0.502981684520703
0.501687253945623
0.500553134766907
0.500553134766907
0.500553134766907
0.500553134766907
0.500553134766907
0.500553134766907
0.500553134766907
0.500553134766907
0.500553134766907
0.500553134766907
0.500553134766907
0.500553134766907
0.410487292248093
0.381711246159445
0.387387009328771
0.404990783812934
0.448791959273883
0.438185056857942
0.382019603060424
0.391669850679667
0.378087203357327
0.366830054717742
0.382025913890762
0.440893138016374
0.406015893718819
0.404990783812934
0.363249003849847
0.408940272789038
0.367343075386414
0.378198658213224
0.395742905923519
0.482641975492735
0.364781572050909
0.364928406156815
0.369436922894884
0.386764258521161
0.370670310039265
0.370883718355561
0.373517272315093
0.397054250845048
0.417816872978423
0.398584500021952
0.379945800758369
0.376426798627207
0.373004680779038
0.379945800758369
0.37442195588477
0.404990783812934
0.402149527075366
0.363546767679211
0.406625918526383
0.364100028200554
0.375737240765798
0.412026602821323
0.423833722239319
0.421876703082276
0.389031826796062
0.373973000872913
0.371976356450722
0.365125879634634
0.361406009963822
0.441542147920505
0.435594989752286
0.382808435663176
0.393533222339907
0.479911048403801
0.387812619280149
0.360791453465639
0.381357841607314
0.361135285213662
0.425662709972564
0.384821010247006
0.436704273376749
0.376075775110349
0.397540476388905
0.370085236642357
0.369609462126035
0.365805092393335
0.431164512678802
0.430418429626829
0.362908876271332
0.365274228876419
0.400759673115395
0.364237256135861
0.38916883768085
0.366659127693796
0.425479663895805
0.389348506825919
0.362557583670991
0.372225115780059
0.37871945897514
0.377504798857638
0.418922446997104
0.372615116003279
0.378888431045108
0.364480999542081
0.369227218879089
0.360639329181352
0.36718240336476
0.38044428492781
0.404990783812934
0.375023665546436
0.384996026914493
0.4176399203744
0.465277893172149
0.428045269902391
0.376777982036624
0.404990783812934
0.361719702108583
0.494251372397147
0.39849580855027
0.430881751573183
0.369505848688122
0.381850176281295
0.428998812106627
0.385696472313318
0.380109958993406
0.402328155687128
0.36602343099217
0.361719702108583
0.371876023607787
0.365805092393335
0.36602343099217
0.37993601165688
0.385361167485286
0.418548350411755
0.445118297069983
0.3830729322548
0.382808435663176
0.431169154247231
0.361041064348455
0.375724911649363
0.368261512845243
0.43827819063792
0.404990783812934
0.404990783812934
0.377129325174919
0.39393310414552
0.370256959044742
0.496077675860198
0.429672872400693
0.479247667392204
0.415242063027361
0.380632031706617
0.379264857366387
0.403990631671965
0.367569135651464
0.379240607351547
0.38348062651437
0.361262391909794
0.404990783812934
0.389041100665194
0.379240729098872
0.368370193247874
0.378872108661354
0.394333174091985
0.424930721763829
0.36409590469895
0.369570307059563
0.39822879156952
0.453662090373927
0.454037521085818
0.381393356284967
0.375780995273349
0.404990783812934
0.37082971964753
0.386319766688284
0.369118099916398
0.40322183473478
0.393102360394636
0.365293151727892
0.37082971964753
0.370085236642357
0.453849791479772
0.368027661315054
0.408858827152927
0.414161686600674
0.381004594622881
0.447889241045462
0.385521304195697
0.363201771913622
0.410198798059205
0.363786164821559
0.40322183473478
0.361022565933897
0.384898949700293
0.393971660800235
0.397774730853016
0.380480506228654
0.374390124895385
0.383203144527123
0.364237256135861
0.364928406156815
0.37152709342263
0.369398743136021
0.373182279065066
0.371447627961823
0.382764604386912
0.415799308944206
0.384996026914493
0.392334708278516
0.364781572050909
0.475661223169831
0.410487292248093
0.402110110120415
0.375737240765798
0.367956071664224
0.404990783812934
0.390954510242196
0.385575478683067
0.404990783812934
0.421137316615336
0.408242825394679
0.404990783812934
0.376426798627207
0.404548914560286
0.363546767679211
0.400008781526332
0.369118099916398
0.363326332100224
0.372615116003279
0.405728868170758
0.390440235439135
0.370085236642357
0.472110252682498
0.367352623546097
0.368370193247874
0.378893136503311
0.369089131038764
0.42877946629245
0.40322183473478
0.398934122326154
0.362856941989728
0.374908360211189
0.384471090675424
0.361406009963822
0.378198658213224
0.362512278056976
0.381697873728243
0.366146586476289
0.38167721348789
0.393355128582194
0.396450108718161
0.385609047158946
0.382413921762465
0.376075775110348
0.368343211189078
0.394537298952683
0.374735576023761
0.384189475693625
0.441106504877219
0.407369514934159
0.373182279065066
0.413668468256769
0.394679718342231
0.36602343099217
0.404990783812934
0.360791453465639
0.425269017871538
0.364928406156815
0.406827262773022
0.387274684356457
0.363891929136683
0.36661736078054
0.399953766042783
0.37335471087514
0.373527181915394
0.405191061680865
0.38324756885346
0.37774830160455
0.36147928369462
0.375724911649363
0.363711015482219
0.367172028582476
0.372615116003279
0.419093812102184
0.360966064138726
0.397774730853016
0.426761670984484
0.387199066117386
0.420549850904224
0.386572879646267
0.362173519037619
0.362398987668253
0.363891929136683
0.384783924886763
0.391503538393244
0.452073031822757
0.404990783812934
0.404990783812934
0.453450495796619
0.397942228200064
0.370600522548783
0.427811291243203
0.361558843431467
0.365274228876419
0.404990783812934
0.422920460357479
0.485188526366118
0.380283944793927
0.434486830272978
0.404648888973281
0.42196500009032
0.404990783812934
0.37958823245602
0.392910679247876
0.404990783812934
0.383598048118306
0.382772403532088
0.372615116003279
0.444304219455048
0.414161686600674
0.379240607351547
0.369089131038764
0.464869118256556
0.381711246159445
0.376811559702883
0.477336226621672
0.402361175074006
0.404990783812934
0.410478537642479
0.37336659639224
0.403922791553695
0.400721788381267
0.439110281728381
0.432826711436206
0.392744004810224
0.38596432925134
0.362856941989727
0.404990783812934
0.364440719724499
0.389942793707763
0.378087203357327
0.361406009963822
0.406984985297754
0.383203144527124
0.373784412146557
0.383832761998639
0.360639329181352
0.394282445492676
0.374174578294036
0.498184105389436
0.389559700028562
0.38596432925134
0.379414400631736
0.412674117604253
0.397846492635569
0.36718240336476
0.404990783812934
0.376128404732203
0.393819526791987
0.373973000872913
0.404990783812934
0.393133528926464
0.389147011245277
0.37152709342263
0.370600522548783
0.37871945897514
0.378888431045108
0.382418527291192
0.404990783812934
0.378888431045108
0.395133877399361
0.379945800758369
0.414874791779442
0.369893800110455
0.371447627961822
0.365274228876419
0.371288123825508
0.430433289449538
0.385346173909536
0.36542393124035
0.369784877840374
0.371527093422629
0.37774830160455
0.387954771555365
0.365637515738061
0.376777982036624
0.439405626609375
0.399296351593664
0.371976356450722
0.383222211763779
0.375374208407198
0.363759497623717
0.398344165607671
0.367352623546097
0.386764258521161
0.422377412375372
0.374955510401499
0.449110487880346
0.457045047185501
0.366312686051068
0.378888431045108
0.370132995718862
0.360871506260085
0.429146757803347
0.383203144527123
0.369436922894885
0.38312643666324
0.381357841607314
0.403990631671965
0.378872108661354
0.404990783812934
0.369055734307483
0.370428721019833
0.404990783812934
0.411209828936381
0.365293151727892
0.360639329181352
0.404990783812934
0.404990783812934
0.365966368975723
0.394856824591284
0.404990783812934
0.477984510291167
0.371178325383145
0.486534016754857
0.361380302182588
0.448465456358787
0.409265676445275
0.384471090675424
0.457212992867551
0.367352623546097
0.38167721348789
0.404990783812934
0.402834742517785
0.413472055805162
0.394178337242702
0.383680080866696
0.394591775811424
0.373273362628464
0.40642148821174
0.407523849116841
0.443628119386226
0.377293863331863
0.459723809858615
0.40642148821174
0.361823448760883
0.395534510254799
0.425591008892008
0.491634571558208
0.361022565933897
0.377832489981588
0.426925046202594
0.378479557248411
0.397340155759913
0.378198658213224
0.36901007044537
0.37152709342263
0.404990783812934
0.364480999542081
0.382418527291192
0.390597069255603
0.400900130069979
0.382808435663176
0.412118594899089
0.363786164821559
0.37412027515536
0.37993601165688
0.421137316615336
0.378536291730448
0.381231552191255
0.361406009963822
0.405610479563179
0.381697873728243
0.366659127693796
0.381357841607314
0.404990783812934
0.401748014581161
0.369505848688122
0.374174578294036
0.412935304793444
0.360791453465639
0.369784877840374
0.395211147172558
0.401792377232099
0.427672035542578
0.402673382757062
0.363546767679211
0.47409247643174
0.375374208407198
0.374217457993185
0.409382671475713
0.372312703984447
0.365637515738061
0.361380302182588
0.382025913890762
0.39911833442332
0.382418527291192
0.394333174091985
0.373973000872913
0.361406009963822
0.369398743136021
0.370883718355561
0.373699692166592
0.370883718355561
0.392120283137006
0.404990783812934
0.362557583670991
0.407639351022153
0.440781170387809
0.365274228876419
0.364582748526207
0.409017669084927
0.383422243551375
0.417439710902286
0.363637461135598
0.371447627961823
0.469452317265728
0.379240607351547
0.362167780264455
0.405011863610728
0.393973227437388
0.404990783812934
0.375374208407198
0.40247235282933
0.364480999542081
0.404990783812934
0.361719702108583
0.394896411739897
0.484242912205825
0.389942793707763
0.41405798772234
0.383527428774461
0.390597069255603
0.367569135651464
0.41405798772234
0.37608333143203
0.362745885130901
0.420732006086353
0.363934899242733
0.372665219207938
0.411710504179044
0.405331538479216
0.404990783812934
0.404990783812934
0.375023665546437
0.37965780313317
0.405012156525897
0.386367805676125
0.395615089816066
0.364100028200554
0.403400677582059
0.382808435663176
0.4356622964662
0.415799308944206
0.471797340972047
0.386675359296196
0.370809697025288
0.444891003857588
0.364781572050909
0.411485126538851
0.428927842742745
0.391137896498157
0.374217457993185
0.390597069255603
0.428963095959881
0.393617852807268
0.404990783812934
0.389194789475989
0.395935330240141
0.37965780313317
0.416619163601552
0.366312686051068
0.406266992592738
0.382064808110463
0.364928406156815
0.390239781328367
0.445059708832293
0.38596432925134
0.411710504179044
0.362167780264455
0.39691531980696
0.383598048118306
0.371460122840315
0.44226734984482
0.376128404732203
0.404990783812934
0.361558843431467
0.376911329104462
0.396450108718161
0.379414400631736
0.413984523330563
0.364480999542081
0.380050945730801
0.404990783812934
0.408962361649846
0.37152709342263
0.426324418557642
0.373004680779038
0.386585972502972
0.366020401581925
0.397873228244312
0.449352897083854
0.440038811022588
0.404990783812934
0.37082971964753
0.396737530583344
0.404990783812934
0.399953766042783
0.365637515738061
0.383598048118306
0.381231552191255
0.368884289439896
0.450741390717516
0.379945800758369
0.442786963616396
0.360639329181352
0.37292378544987
0.374735576023761
0.364582748526207
0.363201771913622
0.404990783812934
0.361719702108583
0.378872108661354
0.38703110690113
0.389559700028562
0.434746254856443
0.37105886811049
0.382723773437018
0.408940272789038
0.374174578294036
0.468278157378949
0.435779792446908
0.40988400733025
0.365620216533387
0.380109958993406
0.404990783812934
0.377331430875777
0.401970934249432
0.377832489981588
0.430801158018344
0.377142443096098
0.385055254838931
0.393819526791987
0.369089131038764
0.361789661066719
0.389525665363553
0.396694235437664
0.385253920584315
0.43079140553371
0.412118594899089
0.422377412375372
0.395830217387895
0.376118942009746
0.376128404732203
0.394325616036703
0.365620216533387
0.362173519037619
0.367569135651464
0.392910679247876
0.362167780264454
0.37082971964753
0.389168837680849
0.396694235437664
0.384388438535544
0.40318179670024
0.380050945730801
0.404990783812934
0.404800193336585
0.365251805271379
0.413773820626856
0.389544807039459
0.40247235282933
0.394282445492676
0.38044428492781
0.422876026618546
0.373527181915394
0.382019603060424
0.373394446234084
0.404990783812934
0.395935330240141
0.361558843431467
0.430045585176498
0.388504290274156
0.389942793707763
0.402777652387643
0.367352623546097
0.375932148492283
0.397774730853016
0.365637515738061
0.418003191323941
0.380980272234059
0.375737240765798
0.4176399203744
0.407523849116841
0.430249403103145
0.384138211326895
0.427672035542578
0.382025913890762
0.371632161295455
0.379264857366387
0.394178337242702
0.389544807039459
0.365122585034796
0.404990783812934
0.371058868110491
0.456742970680905
0.404990783812934
0.369505848688122
0.440686778046814
0.373973000872913
0.403586123216662
0.387099176692117
0.380444284927811
0.414980149192762
0.393441004081517
0.369118099916398
0.409254744568836
0.377480827878045
0.377303089056996
0.405370295146362
0.376777982036624
0.404990783812934
0.382898333775844
0.404990783812934
0.378893136503311
0.364928406156815
0.404990783812934
0.387977091033695
0.387954771555365
0.360532511829039
0.372574369780517
0.37412027515536
0.376075775110348
0.419055531934744
0.373004680779039
0.40329812514136
0.378536291730448
0.403990631671965
0.389147011245277
0.393133528926464
0.363326332100224
0.369893800110455
0.362941854760743
0.404990783812934
0.375023665546437
0.436433358943606
0.364083664387099
0.388099277953077
0.492781033879972
0.377303089056995
0.408288094983721
0.439847792027606
0.365251805271379
0.363249003849847
0.404990783812934
0.376075775110348
0.437527200254473
0.378479557248411
0.443569345405219
0.420728780971638
0.360639329181352
0.376811559702883
0.432741922846823
0.436433358943606
0.482253306999449
0.387557741702735
0.364679031955622
0.403579556055146
0.426028900021702
0.392734024155939
0.399148596181405
0.385575478683067
0.463138935559738
0.486917555767019
0.388749406570292
0.38394649603585
0.362738873017116
0.363078919888215
0.388680098333896
0.432325370881371
0.376777982036624
0.420317048143868
0.401162902454551
0.436433358943606
0.404990783812934
0.362568910143464
0.424152762920239
0.436433358943606
0.376811559702883
0.404990783812934
0.404990783812934
0.386748274316108
0.419639575725823
0.383834972914836
0.395742905923519
0.404990783812934
0.365620216533387
0.43781543916543
0.404990783812934
0.443171909485381
0.384898949700293
0.386319766688284
0.450475559979717
0.374390124895385
0.420728780971638
0.385609047158946
0.378872108661355
0.448687862061199
0.382002508037269
0.38167721348789
0.433992547595334
0.363711015482218
0.399652494354666
0.392910679247876
0.392120283137006
0.406984985297754
0.449956187218314
0.482253306999449
0.369505848688122
0.365463758530831
0.362941854760743
0.366795875017512
0.392910679247876
0.392204096747117
0.430801158018344
0.404990783812934
0.404990783812934
0.364928406156815
0.38162547979192
0.404990783812934
0.362941854760743
0.367569135651464
0.403586123216662
0.368370193247874
0.434856091504437
0.404990783812934
0.385253920584315
0.441709804926812
0.388749406570292
0.370883718355561
0.399474404911595
0.462514379131198
0.404395321800632
0.438926189849582
0.471236408792947
0.404990783812934
0.389525665363554
0.368394037218284
0.37105886811049
0.388328519690147
0.369893800110455
0.376777982036624
0.420728780971638
0.374174578294036
0.421552757234471
0.407923523666403
0.371527093422629
0.370883718355561
0.421876703082276
0.360817946689151
0.424468840563006
0.373784412146557
0.387160903943921
0.404990783812934
0.36147928369462
0.386279598305377
0.36409590469895
0.439847792027606
0.3932641922319
0.375025675446361
0.450379260081594
0.366312686051068
0.430560339376775
0.397414416045156
0.417439710902285
0.396807410812987
0.392334708278516
0.368343211189078
0.361823448760883
0.405011863610728
0.404990783812934
0.384471090675424
0.373009886504383
0.400186979209924
0.479478539913046
0.404990783812934
0.392194149108556
0.41908287433854
0.459122786478051
0.369609462126035
0.429300291517026
0.40066261287704
0.413472055805162
0.362941854760743
0.387160903943921
0.422246600986966
0.407883267164545
0.411710504179044
0.436433358943606
0.400365212928651
0.436401669584275
0.390271409454655
0.404990783812934
0.404990783812934
0.397414416045155
0.414300682932339
0.379593185725495
0.427811291243203
0.384138211326895
0.494238302928033
0.477941817010944
0.38167721348789
0.373623101156274
0.404990783812934
0.373973000872913
0.429275667369974
0.362173519037619
0.374955510401499
0.384471090675424
0.440224355065626
0.383422243551375
0.373699692166592
0.373215950409943
0.41405798772234
0.392194149108556
0.377504798857638
0.366659167606699
0.42372755217769
0.394178337242702
0.404990783812934
0.437259334933273
0.421552757234471
0.436433358943606
0.412935304793443
0.378888431045107
0.45759392727709
0.38162547979192
0.404990783812934
0.36718240336476
0.370883718355561
0.391145334254756
0.395534510254799
0.429300291517026
